Input:
00 00 00 00 00 00 00 00 00 00 00 00 00 00 00 00
00 00 00 00 00 00 00 00 00 00 00 00 00 00 00 00
00 00 00 00 00 00 00 00 00 00 00 00 00 00 00 00
00 00 00 00 00 00 00 00 00 00 00 00 00 00 00 00
00 00 00 00 00 00 00 00 00 00 00 00 00 00 00 00
00 00 00 00 00 00 00 00 00 00 00 00 00 00 00 00
00 00 00 00 00 00 00 00 00 00 00 00 00 00 00 00
00 00 00 00 00 00 00 00 00 00 00 00 00 00 00 00

Observed output:
6A 50 AE 0C 58 8A 89 61 40 A6 70 83 43 E8 F7 91
6A 50 AE 0C 58 8A 89 61 40 A6 70 83 43 E8 F7 91
6A 50 AE 0C 58 8A 89 61 40 A6 70 83 43 E8 F7 91
6A 50 AE 0C 58 8A 89 61 40 A6 70 83 43 E8 F7 91
6A 50 AE 0C 58 8A 89 61 40 A6 70 83 43 E8 F7 91
6A 50 AE 0C 58 8A 89 61 40 A6 70 83 43 E8 F7 91
6A 50 AE 0C 58 8A 89 61 40 A6 70 83 43 E8 F7 91
6A 50 AE 0C 58 8A 89 61 40 A6 70 83 43 E8 F7 91
